0 0.230524 0.596873 0.303437 0.202136
0 0.111010 0.215961 0.221853 0.292715
0 0.236381 0.074477 0.413966 0.148953
0 0.463760 0.211856 0.412455 0.266707
0 0.577827 0.099134 0.302165 0.198268
0 0.865639 0.104670 0.261373 0.209340
0 0.237892 0.406099 0.350511 0.228462
0 0.772724 0.288345 0.268927 0.176127
0 0.946795 0.318035 0.106410 0.199275
0 0.789464 0.438900 0.328810 0.230567
0 0.513189 0.527009 0.320157 0.238801
0 0.070866 0.480896 0.141732 0.230567
0 0.087554 0.735754 0.175108 0.247859
0 0.283887 0.848155 0.353533 0.227273
0 0.657816 0.833745 0.305324 0.218215
0 0.503300 0.701169 0.322630 0.160573
0 0.805534 0.633646 0.328810 0.193511
0 0.913892 0.806983 0.172216 0.233860
