0 0.788063 0.528986 0.242567 0.391304
0 0.138201 0.683877 0.260669 0.382246
0 0.175612 0.310688 0.212397 0.313406
0 0.372924 0.189312 0.194295 0.320652
0 0.554547 0.208333 0.229292 0.315217
0 0.473692 0.475543 0.226878 0.324275
0 0.588338 0.748188 0.222051 0.358696
0 0.311377 0.502717 0.182227 0.306159
0 0.395853 0.753623 0.216017 0.293478
0 0.780276 0.876932 0.265383 0.246135
0 0.515326 0.921196 0.232912 0.157608
0 0.891920 0.139493 0.216160 0.278986
0 0.717465 0.224638 0.183434 0.286232
0 0.184060 0.089674 0.238946 0.172101
0 0.262502 0.900362 0.238946 0.199275
0 0.922090 0.746377 0.155820 0.405797
0 0.903988 0.414855 0.192024 0.289855
