3 0.637272 0.113225 0.280939 0.147947
0 0.234653 0.088064 0.309569 0.158011
0 0.899607 0.196256 0.200786 0.157005
0 0.652482 0.280294 0.304201 0.168076
0 0.364386 0.275262 0.293465 0.174114
0 0.079301 0.235004 0.158602 0.151973
0 0.133879 0.409622 0.267757 0.152979
0 0.418068 0.453402 0.279149 0.141908
0 0.815319 0.421196 0.229046 0.143921
0 0.657850 0.567130 0.304201 0.153986
0 0.910785 0.554539 0.178430 0.160183
0 0.892985 0.711003 0.214030 0.153509
0 0.767322 0.842582 0.254286 0.145881
0 0.854842 0.963482 0.290316 0.073036