0 0.606440 0.217391 0.212397 0.286232
0 0.208799 0.100543 0.261876 0.201086
0 0.092030 0.230978 0.184060 0.378623
0 0.404301 0.236413 0.225672 0.353261
0 0.479726 0.067935 0.253428 0.135870
0 0.731947 0.088768 0.260669 0.177536
0 0.865298 0.283514 0.247394 0.385870
0 0.218453 0.462862 0.266703 0.407609
0 0.522567 0.502717 0.223258 0.342391
0 0.688502 0.503623 0.173779 0.311594
0 0.830905 0.667572 0.217224 0.335145
0 0.633593 0.795290 0.194295 0.340580
0 0.440505 0.788043 0.225672 0.300725
0 0.095650 0.589674 0.191300 0.309783
0 0.108322 0.856884 0.216643 0.271739
0 0.287241 0.766304 0.172572 0.286232
0 0.820647 0.899457 0.257048 0.201086
