0 0.402988 0.435537 0.199151 0.309481
0 0.886783 0.768569 0.162942 0.200785
0 0.955910 0.285326 0.088180 0.288043
0 0.121251 0.909420 0.176218 0.181159
0 0.327644 0.855072 0.190702 0.250000
0 0.456187 0.710145 0.175011 0.246377
0 0.564211 0.881341 0.166563 0.237318
0 0.724135 0.768116 0.177425 0.257246
0 0.923925 0.923913 0.152150 0.152174
0 0.846643 0.581522 0.171390 0.286232
0 0.754310 0.368659 0.194323 0.280797
0 0.591368 0.590580 0.155700 0.286232
0 0.561194 0.329710 0.194323 0.268116
0 0.255226 0.338768 0.176218 0.278986
0 0.115216 0.460145 0.195530 0.282609
0 0.265485 0.617754 0.179839 0.242754
0 0.105561 0.750906 0.166563 0.208333
0 0.403080 0.171196 0.179839 0.237319
0 0.648699 0.096014 0.217255 0.192028
0 0.850868 0.143116 0.206393 0.278986
0 0.253415 0.106884 0.153286 0.213768
