0 0.388806 0.194403 0.136598 0.109945
0 0.316342 0.260620 0.149925 0.076212
0 0.696985 0.260307 0.159920 0.121814
0 0.747376 0.366504 0.139097 0.099325
0 0.448359 0.436719 0.122439 0.086832
0 0.443362 0.594265 0.142429 0.118066
0 0.749042 0.857196 0.137431 0.116192
0 0.692820 0.760057 0.091621 0.078086
0 0.610960 0.927366 0.141908 0.122849
0 0.445275 0.916327 0.126057 0.099638
0 0.497736 0.852355 0.125302 0.095109
0 0.376963 0.831975 0.116244 0.081522
0 0.322162 0.759624 0.117754 0.099638
0 0.256869 0.802083 0.126057 0.117754
0 0.684179 0.833333 0.102657 0.091712
0 0.810613 0.771626 0.116999 0.101902
0 0.597751 0.776155 0.116999 0.089447
0 0.469052 0.758209 0.140399 0.097939
0 0.238829 0.648947 0.129831 0.100204
0 0.358092 0.670177 0.107186 0.095109
0 0.521513 0.669837 0.109450 0.101449
0 0.590731 0.593920 0.128321 0.100204
0 0.622811 0.681952 0.141153 0.100770
0 0.735658 0.677989 0.137379 0.108696
0 0.584127 0.076087 0.120083 0.091097
0 0.493720 0.145445 0.143547 0.094203
0 0.644513 0.130952 0.137336 0.081781
0 0.333954 0.342133 0.102830 0.083851
0 0.533402 0.246377 0.175983 0.111801
0 0.525466 0.357660 0.142167 0.106625
0 0.426777 0.300725 0.099379 0.093168
0 0.641063 0.412267 0.113872 0.093685
0 0.787785 0.255952 0.101449 0.097826
0 0.657695 0.196687 0.144928 0.061077
