1 0.781789 0.396538 0.323316 0.197262
1 0.901203 0.781703 0.197594 0.262681
0 0.712291 0.132850 0.380728 0.261675
0 0.333074 0.161534 0.335403 0.218398
0 0.091751 0.183172 0.183502 0.227456
0 0.201632 0.363325 0.317273 0.199275
0 0.503042 0.303442 0.324827 0.170089
0 0.502635 0.464933 0.339935 0.239389
0 0.907202 0.253623 0.185595 0.243271
0 0.214587 0.559783 0.325516 0.221014
0 0.755790 0.595908 0.351933 0.225916
0 0.933884 0.517050 0.132231 0.234442
0 0.531832 0.775362 0.415921 0.277067
0 0.235889 0.725810 0.307142 0.171569
0 0.139141 0.883243 0.278282 0.227355
0 0.786985 0.911232 0.426030 0.177536
0 0.418435 0.896538 0.303676 0.206924