0 0.442406 0.402174 0.289389 0.199275
0 0.758015 0.894410 0.233065 0.163043
0 0.297711 0.952381 0.291331 0.095238
0 0.471539 0.119048 0.312695 0.207039
0 0.763841 0.103520 0.209758 0.175983
0 0.922707 0.119048 0.154586 0.175983
0 0.627887 0.260740 0.233065 0.172101
0 0.341411 0.247153 0.281620 0.175983
0 0.103214 0.251035 0.206428 0.134576
0 0.858038 0.326734 0.269967 0.172101
0 0.712373 0.458075 0.246660 0.191511
0 0.191861 0.406962 0.262198 0.169513
0 0.331700 0.553830 0.262198 0.191511
0 0.593898 0.587474 0.273851 0.173395
0 0.879978 0.560300 0.240043 0.165631
0 0.766754 0.688406 0.277736 0.098344
0 0.371515 0.700699 0.279678 0.122930
0 0.092532 0.651656 0.185063 0.213768
0 0.159815 0.856884 0.275793 0.207039
0 0.582245 0.846532 0.258314 0.194099
0 0.927562 0.926501 0.144875 0.146998
