0 0.559952 0.383696 0.171050 0.132971
0 0.246361 0.096014 0.164984 0.139493
0 0.439853 0.062500 0.190460 0.125000
0 0.627887 0.095109 0.207444 0.125000
0 0.790445 0.061141 0.185608 0.122282
0 0.838970 0.209239 0.144361 0.135870
0 0.679445 0.259511 0.196526 0.127717
0 0.525378 0.249094 0.174689 0.121377
0 0.378591 0.165308 0.162558 0.124094
0 0.237869 0.236866 0.157706 0.140399
0 0.088000 0.254982 0.176000 0.118659
0 0.104425 0.053895 0.157706 0.107790
0 0.374345 0.285779 0.161345 0.116848
0 0.242721 0.376359 0.152853 0.125906
0 0.114737 0.370018 0.166198 0.124094
0 0.393755 0.390851 0.151640 0.107790
0 0.720084 0.393116 0.183181 0.115942
0 0.847462 0.349638 0.173476 0.112319
0 0.131114 0.607971 0.164984 0.144928
0 0.310656 0.621558 0.208657 0.150362
0 0.459263 0.620652 0.185608 0.134058
0 0.641838 0.734330 0.206231 0.138587
0 0.629100 0.620199 0.207444 0.140399
0 0.818347 0.611141 0.166198 0.158514
0 0.081934 0.718478 0.163868 0.146739
0 0.235443 0.763315 0.223214 0.151268
0 0.440460 0.746558 0.181968 0.161232
0 0.791052 0.755616 0.201378 0.157609
0 0.621822 0.855254 0.236559 0.157609
0 0.418017 0.899638 0.209870 0.170290
0 0.188131 0.889674 0.191673 0.139493
