3 0.629446 0.465580 0.146711 0.179766
3 0.620082 0.305184 0.146711 0.197882
3 0.603954 0.148411 0.122780 0.196488
3 0.764712 0.238991 0.144630 0.210424
3 0.720491 0.075251 0.120699 0.150502
3 0.753266 0.427118 0.159197 0.213211
3 0.735058 0.645206 0.143590 0.211817
3 0.612798 0.634755 0.152954 0.188127
3 0.621643 0.817308 0.178967 0.146321
3 0.899978 0.191611 0.144630 0.196488
3 0.905700 0.397854 0.172724 0.241081
3 0.863560 0.611761 0.165440 0.225753
3 0.763151 0.782469 0.170643 0.207637
1 0.097644 0.244565 0.158157 0.188127
0 0.256321 0.084309 0.134225 0.168618
0 0.063909 0.117754 0.127818 0.160256
0 0.240713 0.222965 0.121739 0.178372
0 0.384823 0.238294 0.133185 0.158863
0 0.069632 0.436176 0.139264 0.186734
0 0.173081 0.365803 0.136306 0.149108
0 0.282334 0.376951 0.109253 0.160256
0 0.392107 0.393673 0.114456 0.171405
0 0.250078 0.517001 0.127982 0.170011
1 0.387425 0.549052 0.155035 0.158863
0 0.279787 0.677536 0.167729 0.195652
0 0.091092 0.624094 0.155556 0.175725
0 0.071585 0.798007 0.143169 0.157609
0 0.220947 0.836051 0.163671 0.114130
0 0.348773 0.836051 0.162319 0.106884
0 0.395440 0.713768 0.128502 0.181159
0 0.375826 0.120471 0.119034 0.164855