0 0.595048 0.311594 0.245169 0.293478
0 0.889614 0.477355 0.220772 0.349638
0 0.674758 0.662138 0.310386 0.342391
0 0.112440 0.458333 0.224879 0.242754
0 0.203140 0.138587 0.236715 0.222826
0 0.160145 0.630435 0.320290 0.333333
0 0.124517 0.871377 0.249034 0.257246
0 0.383696 0.798913 0.305556 0.344203
0 0.860024 0.837862 0.279952 0.324275
0 0.583575 0.899457 0.314010 0.201086
0 0.429589 0.577899 0.274155 0.271739
0 0.352899 0.406703 0.265700 0.262681
0 0.462198 0.188406 0.223430 0.173913
0 0.665700 0.441123 0.246377 0.230072
0 0.832971 0.313406 0.221014 0.221014
0 0.709783 0.189312 0.223430 0.211957
0 0.899879 0.129529 0.200242 0.201087
0 0.244807 0.292572 0.223430 0.219203
0 0.421135 0.092391 0.208937 0.159420
