3 0.131988 0.392690 0.188391 0.137468
3 0.313956 0.387361 0.204090 0.169437
3 0.476657 0.379369 0.184109 0.144928
3 0.650062 0.270673 0.182682 0.144928
3 0.635790 0.395354 0.205517 0.157715
3 0.821326 0.385763 0.199808 0.149190
3 0.225469 0.230179 0.192672 0.157715
3 0.433841 0.253623 0.198381 0.132140
3 0.088829 0.273338 0.177658 0.137468
3 0.619377 0.149723 0.224071 0.160912
3 0.396020 0.098039 0.205517 0.179028
3 0.175517 0.106032 0.164128 0.141731
3 0.789214 0.241368 0.172691 0.156650
3 0.807054 0.083120 0.168410 0.161978
0 0.076646 0.744738 0.153292 0.123361
0 0.248031 0.616201 0.152507 0.128537
0 0.108811 0.615338 0.144419 0.123361
0 0.393028 0.614907 0.176769 0.138026
1 0.558821 0.616632 0.147885 0.139752
0 0.712368 0.607402 0.160594 0.119910
0 0.852281 0.652174 0.144188 0.130090
0 0.684062 0.734472 0.170992 0.138026
0 0.522428 0.751725 0.165216 0.136301
0 0.366455 0.713337 0.179080 0.113009
0 0.228159 0.764407 0.161749 0.133713
0 0.365993 0.840580 0.160594 0.124224
1 0.242370 0.909593 0.186012 0.138026
0 0.114703 0.949620 0.184857 0.100759
0 0.442246 0.934524 0.186012 0.130952
0 0.624214 0.902692 0.166371 0.139752
0 0.796940 0.939700 0.179080 0.120600
0 0.839110 0.783644 0.138642 0.134576