0 0.442995 0.405012 0.149758 0.121377
0 0.750564 0.145048 0.127214 0.112319
0 0.449436 0.562319 0.138486 0.088164
0 0.323833 0.736836 0.123994 0.078502
0 0.379791 0.799940 0.131240 0.114130
0 0.698631 0.742271 0.161836 0.108696
0 0.764251 0.637198 0.149758 0.091787
0 0.619524 0.069340 0.141596 0.117441
0 0.447526 0.080272 0.132434 0.095577
0 0.488339 0.141213 0.122439 0.097519
0 0.691213 0.170877 0.107064 0.094007
0 0.593289 0.223756 0.122731 0.101841
0 0.376550 0.162309 0.130565 0.087642
0 0.255778 0.201821 0.142316 0.112613
0 0.328241 0.233402 0.138399 0.100372
0 0.469905 0.240991 0.137094 0.106737
0 0.806372 0.233157 0.126648 0.098903
0 0.633046 0.320309 0.118162 0.100862
0 0.743047 0.320554 0.122731 0.105268
0 0.242590 0.347141 0.144928 0.106737
0 0.359120 0.327066 0.122079 0.090090
0 0.523306 0.332942 0.114898 0.097924
0 0.593550 0.408343 0.127954 0.099882
0 0.334645 0.660870 0.130435 0.091097
0 0.643369 0.588885 0.125448 0.092917
0 0.523765 0.640019 0.148044 0.112202
0 0.535806 0.751066 0.169082 0.115090
0 0.493180 0.853367 0.129298 0.091645
0 0.648764 0.869885 0.120773 0.087383
0 0.581273 0.924499 0.115090 0.090047
0 0.783745 0.747336 0.102302 0.103367
0 0.693403 0.241879 0.109112 0.077461
