0 0.569226 0.591539 0.307097 0.192882
0 0.707579 0.040494 0.286304 0.080988
0 0.236537 0.100171 0.223925 0.157715
0 0.672596 0.442696 0.290513 0.195461
0 0.907495 0.349733 0.185010 0.204043
0 0.817852 0.594298 0.254736 0.168764
0 0.138080 0.635297 0.271909 0.126812
0 0.289776 0.548532 0.251874 0.168764
0 0.388522 0.412662 0.249011 0.163997
0 0.121991 0.442696 0.243981 0.163043
0 0.641827 0.252002 0.297669 0.184020
0 0.860269 0.145404 0.279462 0.204996
0 0.420722 0.148265 0.276202 0.189741
0 0.234679 0.273646 0.261891 0.179252
0 0.368487 0.731503 0.260460 0.167811
0 0.660431 0.743421 0.260460 0.176392
0 0.888175 0.748188 0.223650 0.151602
0 0.530201 0.883581 0.297669 0.185927
0 0.233248 0.894546 0.204647 0.156369
0 0.076195 0.875953 0.152390 0.176392
