0 0.730222 0.688406 0.146087 0.163043
0 0.928686 0.437500 0.142628 0.182971
0 0.753217 0.221920 0.116329 0.172101
0 0.613894 0.219203 0.129855 0.148551
0 0.613217 0.401268 0.131208 0.164855
0 0.750512 0.511775 0.127150 0.179348
0 0.934097 0.788043 0.131806 0.192029
0 0.784328 0.832428 0.132560 0.143116
0 0.642299 0.830616 0.137971 0.146739
0 0.603072 0.698370 0.108213 0.168478
0 0.897952 0.625000 0.135266 0.184783
0 0.835053 0.364130 0.112271 0.170290
0 0.627420 0.101449 0.121739 0.137681
0 0.947324 0.110507 0.104155 0.170290
0 0.099884 0.180254 0.140676 0.186594
0 0.237855 0.236413 0.140676 0.208333
0 0.396116 0.129529 0.137971 0.186594
0 0.385295 0.294384 0.156908 0.161232
0 0.382589 0.462862 0.162319 0.193841
0 0.252734 0.430254 0.154203 0.204710
0 0.099884 0.394928 0.170435 0.239130
0 0.141140 0.613225 0.169082 0.251812
0 0.277758 0.650362 0.152850 0.210145
