3 0.333075 0.410585 0.318323 0.236801
3 0.480669 0.105299 0.341093 0.210598
3 0.670177 0.323256 0.353261 0.331748
3 0.157269 0.795290 0.285326 0.240036
3 0.467221 0.891944 0.246264 0.216112
1 0.119725 0.571824 0.231777 0.204604
0 0.137308 0.096441 0.263747 0.192882
0 0.660006 0.075128 0.215793 0.150256
0 0.837596 0.141198 0.324808 0.282396
0 0.895940 0.414003 0.208120 0.310102
0 0.338715 0.168372 0.279731 0.236573
0 0.191656 0.299446 0.247762 0.232310
0 0.598465 0.571824 0.310102 0.266411
0 0.398657 0.642157 0.294118 0.274936
0 0.823050 0.607523 0.346867 0.284527
0 0.939098 0.776961 0.121803 0.297315
0 0.864770 0.873828 0.270460 0.252344
0 0.642423 0.845695 0.388427 0.306905
0 0.337116 0.926684 0.164642 0.140665
0 0.293159 0.750320 0.239770 0.218457
0 0.206042 0.533461 0.209399 0.217391