3 0.527174 0.111284 0.337733 0.222567
3 0.340838 0.333204 0.353261 0.327381
3 0.680512 0.408903 0.295031 0.258799
3 0.849379 0.800595 0.244565 0.265269
3 0.530085 0.895704 0.254270 0.204451
1 0.895316 0.570393 0.187629 0.208765
0 0.162500 0.140700 0.325000 0.281400
0 0.351268 0.076087 0.197464 0.152174
0 0.100906 0.422705 0.201812 0.314010
0 0.067391 0.773792 0.134782 0.310386
0 0.185145 0.622222 0.370290 0.299517
0 0.140761 0.871498 0.281522 0.257004
0 0.412862 0.575725 0.244565 0.274155
0 0.597645 0.643357 0.295290 0.274155
0 0.719928 0.750242 0.202899 0.229469
0 0.549638 0.338164 0.231884 0.260870
0 0.677355 0.160024 0.193841 0.204106
0 0.825000 0.277778 0.199275 0.222222
0 0.805072 0.532609 0.177536 0.224638