1 0.257861 0.912138 0.160132 0.143116
1 0.558001 0.612448 0.181968 0.133282
0 0.215728 0.765010 0.166371 0.129400
0 0.238257 0.621377 0.155973 0.124224
0 0.100481 0.629788 0.168104 0.122930
0 0.077536 0.743659 0.155072 0.102226
0 0.116078 0.938794 0.168104 0.122412
0 0.393363 0.596144 0.147308 0.153986
0 0.379499 0.717133 0.171570 0.116460
0 0.525073 0.752070 0.168104 0.137164
0 0.387298 0.832298 0.214896 0.113872
0 0.438422 0.930642 0.181968 0.134576
0 0.681046 0.736542 0.171570 0.160455
0 0.716573 0.605202 0.152507 0.138458
0 0.837019 0.645963 0.129977 0.121636
0 0.826621 0.781185 0.178502 0.138458
0 0.629922 0.901527 0.187167 0.135870
0 0.796293 0.931677 0.201031 0.136646
3 0.134275 0.397257 0.190633 0.129400
3 0.310178 0.379141 0.168104 0.152692
3 0.473083 0.381729 0.209697 0.152692
3 0.651585 0.275621 0.213163 0.152692
3 0.639453 0.387552 0.216629 0.135870
3 0.812756 0.390787 0.199298 0.150104
3 0.790227 0.247800 0.185434 0.174689
3 0.434956 0.252976 0.223561 0.143634
3 0.233924 0.227743 0.199298 0.155280
3 0.079269 0.277562 0.158538 0.148810
3 0.400842 0.104167 0.233189 0.176127
3 0.593594 0.132850 0.235885 0.159018
3 0.162262 0.103663 0.219710 0.136876
3 0.814133 0.080515 0.172222 0.154992
