0 0.426570 0.884058 0.330918 0.231884
0 0.134783 0.842391 0.269565 0.315217
0 0.893841 0.875000 0.212318 0.239130
0 0.686836 0.817029 0.421498 0.365942
0 0.846739 0.614130 0.306522 0.307971
0 0.576932 0.552536 0.250000 0.184783
0 0.169928 0.301630 0.206522 0.161232
0 0.099879 0.132246 0.189614 0.235507
0 0.541908 0.173007 0.204106 0.186594
0 0.758696 0.229167 0.231884 0.121377
0 0.079227 0.643116 0.158454 0.170290
3 0.322705 0.644928 0.299517 0.275362
3 0.108213 0.454710 0.216425 0.282609
3 0.411473 0.310688 0.247585 0.259058
3 0.285266 0.154891 0.214976 0.161232
3 0.895652 0.425725 0.208696 0.170290
3 0.799155 0.113225 0.242754 0.175725
