1 0.910863 0.757893 0.140097 0.182453
3 0.269642 0.353261 0.139324 0.206522
3 0.386647 0.528986 0.143382 0.195652
3 0.238531 0.773551 0.166377 0.173913
3 0.099884 0.619565 0.159614 0.210145
3 0.147227 0.391304 0.165024 0.224638
3 0.077671 0.197464 0.155342 0.217391
3 0.258145 0.212862 0.170435 0.186594
3 0.381913 0.184783 0.158261 0.195652
3 0.392734 0.363225 0.177198 0.201087
3 0.254763 0.570652 0.147440 0.195652
3 0.383266 0.691123 0.177198 0.219203
3 0.398821 0.855072 0.154203 0.173913
3 0.124908 0.836957 0.142029 0.181159
3 0.274377 0.914855 0.159614 0.163043
0 0.739014 0.323370 0.139324 0.164855
0 0.651092 0.166667 0.120386 0.112319
0 0.789063 0.164855 0.139324 0.130435
0 0.933420 0.199275 0.133159 0.166667
0 0.905391 0.378623 0.120386 0.177536
1 0.622686 0.444746 0.152850 0.164855
0 0.606454 0.291667 0.096039 0.184783
0 0.745778 0.495471 0.125797 0.179348
0 0.936802 0.558877 0.126396 0.175725
0 0.615246 0.596920 0.127150 0.179348
0 0.717372 0.629529 0.120386 0.164855
0 0.833024 0.643116 0.113623 0.170290
0 0.762010 0.772645 0.133913 0.172101
0 0.623362 0.769022 0.110918 0.150362
0 0.637565 0.904891 0.117681 0.157609
0 0.753217 0.923007 0.132560 0.146739
0 0.947623 0.889493 0.104754 0.170290