0 0.782631 0.600543 0.295744 0.208333
0 0.553174 0.211164 0.353533 0.268342
0 0.144862 0.100770 0.289724 0.201540
0 0.210689 0.422328 0.317840 0.251359
0 0.474139 0.518569 0.297443 0.221920
0 0.771583 0.404778 0.334836 0.257020
0 0.190293 0.622056 0.324638 0.201540
0 0.333916 0.836617 0.319539 0.232111
0 0.705295 0.865489 0.351833 0.244565
0 0.921060 0.737545 0.157880 0.249094
0 0.103220 0.809443 0.206440 0.229846
0 0.510682 0.692255 0.319539 0.181159
0 0.903213 0.207201 0.193574 0.274004
0 0.780081 0.086051 0.351833 0.172101
0 0.237034 0.256454 0.278747 0.204937
