0 0.373040 0.897373 0.260897 0.151268
0 0.762293 0.906006 0.283692 0.159560
0 0.927293 0.758292 0.145414 0.148411
0 0.643365 0.719621 0.303513 0.150502
0 0.340472 0.719621 0.332006 0.161650
0 0.107056 0.798356 0.214111 0.150502
0 0.175088 0.573997 0.194496 0.137960
0 0.581424 0.546474 0.278736 0.148411
0 0.863257 0.587235 0.265109 0.167224
0 0.339233 0.423495 0.327051 0.170011
0 0.092809 0.438475 0.185618 0.159560
0 0.110669 0.283793 0.214317 0.147018
0 0.220925 0.157818 0.258915 0.130295
0 0.149692 0.034142 0.289886 0.068283
