0 0.306418 0.263652 0.163906 0.108049
0 0.625362 0.194746 0.144122 0.116546
0 0.686554 0.258454 0.118357 0.082126
0 0.553301 0.434481 0.135266 0.096014
0 0.254589 0.370169 0.143317 0.097826
0 0.558132 0.593599 0.136876 0.117150
0 0.254726 0.859903 0.139824 0.102657
0 0.310444 0.760956 0.102369 0.078502
0 0.422974 0.068438 0.121668 0.099302
0 0.362587 0.133186 0.136876 0.087896
0 0.509751 0.147276 0.130614 0.097289
0 0.467704 0.245572 0.182501 0.115405
0 0.337538 0.199275 0.135087 0.073806
0 0.220791 0.252281 0.134192 0.096618
0 0.677939 0.342525 0.123457 0.087896
0 0.482018 0.360306 0.157452 0.116747
0 0.588925 0.299584 0.104670 0.094605
0 0.365718 0.410963 0.107354 0.098631
0 0.408660 0.591452 0.139560 0.094605
0 0.753981 0.649155 0.157452 0.112050
0 0.266695 0.677643 0.134982 0.104433
0 0.193876 0.765825 0.144217 0.098572
0 0.370418 0.682172 0.130719 0.103900
0 0.484868 0.672794 0.114379 0.092178
0 0.641206 0.672199 0.124037 0.096455
0 0.676133 0.765472 0.133829 0.095966
0 0.529899 0.757883 0.136441 0.104289
0 0.407168 0.774530 0.114245 0.092538
0 0.390717 0.929593 0.133829 0.106737
0 0.312378 0.830934 0.107716 0.097434
0 0.511490 0.859822 0.123384 0.092538
0 0.621817 0.838278 0.109022 0.093517
0 0.553597 0.919066 0.142316 0.090580
0 0.741024 0.802781 0.128607 0.108696
