0 0.264538 0.304257 0.111413 0.149457
0 0.369837 0.255344 0.101902 0.144022
0 0.434715 0.547011 0.099864 0.138587
0 0.264878 0.678351 0.090353 0.125906
0 0.190489 0.616757 0.123641 0.140399
0 0.598641 0.561866 0.123641 0.154891
0 0.855435 0.248007 0.110054 0.135870
0 0.249753 0.466980 0.127223 0.172101
0 0.261487 0.221179 0.108696 0.111989
0 0.131793 0.351696 0.101285 0.127635
0 0.204360 0.336874 0.084610 0.137516
0 0.150012 0.508976 0.103137 0.124341
0 0.414958 0.362401 0.093256 0.114460
0 0.358757 0.472744 0.115489 0.152339
0 0.347332 0.663785 0.086462 0.119401
0 0.597208 0.407032 0.106225 0.129282
0 0.767045 0.195405 0.095109 0.135870
0 0.679965 0.259634 0.103755 0.150692
0 0.688303 0.374094 0.098197 0.116107
0 0.776927 0.409091 0.092638 0.131752
0 0.833127 0.321805 0.098814 0.108696
0 0.934474 0.384387 0.110548 0.135046
0 0.923357 0.561430 0.078434 0.133399
0 0.859746 0.511199 0.092021 0.125165
0 0.768034 0.534667 0.098814 0.150692
0 0.669837 0.482378 0.086462 0.123518
0 0.674469 0.641304 0.093256 0.123518
0 0.761549 0.671772 0.105608 0.126812
0 0.842144 0.628541 0.097579 0.116107
0 0.651927 0.768528 0.107460 0.130929
0 0.802619 0.747118 0.109931 0.121047
0 0.761549 0.304089 0.087345 0.104814
