0 0.107547 0.628944 0.143868 0.266276
0 0.090448 0.236869 0.156840 0.287242
0 0.278538 0.355331 0.162736 0.289339
0 0.281486 0.654104 0.166274 0.304015
0 0.237264 0.081219 0.150943 0.162438
0 0.448939 0.428714 0.149764 0.259986
0 0.417689 0.138326 0.165094 0.266276
0 0.571580 0.657249 0.166274 0.331272
0 0.422406 0.824982 0.165094 0.209666
0 0.205425 0.895220 0.174528 0.203376
0 0.831604 0.774662 0.148585 0.259986
0 0.961792 0.836514 0.076415 0.278856
0 0.709552 0.892573 0.147406 0.214854
0 0.557429 0.908298 0.163915 0.183404
