0 0.089010 0.428140 0.157729 0.184783
0 0.169988 0.200282 0.283816 0.243559
0 0.478714 0.106683 0.252114 0.213366
0 0.325483 0.589775 0.304952 0.251610
0 0.683273 0.670793 0.374396 0.308977
0 0.471165 0.888990 0.327597 0.222020
0 0.293886 0.234058 0.240489 0.210145
0 0.416168 0.345018 0.324728 0.274457
0 0.577174 0.407971 0.247283 0.266304
0 0.633560 0.154438 0.392663 0.308876
0 0.873505 0.127717 0.252989 0.255434
0 0.822554 0.379076 0.354891 0.278080
0 0.893207 0.579257 0.213586 0.305254
0 0.470516 0.658062 0.283967 0.265399
0 0.357745 0.833515 0.262228 0.233696
0 0.839538 0.855254 0.320924 0.286232
0 0.655299 0.923188 0.210598 0.150362
0 0.135054 0.899638 0.270108 0.192029
0 0.196060 0.701721 0.226902 0.225543
0 0.207609 0.460779 0.201087 0.223732
