1 0.790688 0.442029 0.308179 0.202899
1 0.686573 0.261775 0.305403 0.215580
1 0.563024 0.095109 0.324838 0.190217
1 0.329807 0.613225 0.308179 0.190217
3 0.844828 0.846014 0.222111 0.184783
0 0.215841 0.294988 0.286894 0.205314
0 0.492323 0.410477 0.358617 0.200785
0 0.159156 0.488225 0.289207 0.166063
0 0.673945 0.696558 0.277639 0.172101
0 0.898285 0.645984 0.203430 0.134360
0 0.629986 0.553895 0.277639 0.170592
0 0.454148 0.789402 0.277639 0.182669
0 0.400934 0.898853 0.273012 0.111715
0 0.367386 0.163043 0.289207 0.205314