1 0.372573 0.654891 0.179674 0.295290
1 0.562886 0.205616 0.196223 0.298913
1 0.726011 0.318841 0.172582 0.333333
1 0.915607 0.408514 0.168785 0.284420
3 0.153891 0.152174 0.177310 0.260870
0 0.298103 0.313406 0.186766 0.278986
0 0.079901 0.612319 0.159802 0.275362
0 0.215359 0.545290 0.189130 0.271739
0 0.354842 0.105978 0.160761 0.211956
0 0.454727 0.369565 0.164307 0.297101
0 0.596575 0.518116 0.195041 0.282609
0 0.848355 0.631341 0.197405 0.284420
0 0.715372 0.794384 0.203315 0.298913
0 0.519149 0.842391 0.170217 0.300725
0 0.892682 0.214674 0.160761 0.240942