1 0.677424 0.377013 0.300776 0.175121
1 0.207751 0.558676 0.320827 0.182166
1 0.348113 0.740741 0.302318 0.193237
1 0.456133 0.903986 0.316508 0.192028
3 0.167388 0.152174 0.266533 0.188406
0 0.610223 0.073370 0.308179 0.146739
0 0.887862 0.060688 0.219335 0.121376
0 0.556083 0.206522 0.322061 0.181159
0 0.322866 0.298913 0.266533 0.159420
0 0.105905 0.344203 0.211810 0.144928
0 0.835110 0.520833 0.291521 0.193841
0 0.808734 0.710145 0.272086 0.235507
0 0.522766 0.584239 0.277639 0.179348
0 0.647704 0.842391 0.299850 0.192029
0 0.213199 0.883152 0.235993 0.135870