0 0.889387 0.366862 0.146226 0.266276
0 0.907565 0.761046 0.146045 0.270953
0 0.724329 0.644117 0.169630 0.269340
0 0.553338 0.584443 0.156023 0.275791
0 0.586901 0.864266 0.148766 0.267727
0 0.762881 0.923263 0.152395 0.153474
0 0.720700 0.342682 0.162373 0.316112
0 0.802794 0.106022 0.159652 0.212044
0 0.577830 0.165273 0.145138 0.219343
0 0.425435 0.339457 0.166909 0.316112
0 0.288824 0.109248 0.150581 0.218496
0 0.437591 0.090700 0.172351 0.181400
0 0.153120 0.217205 0.123367 0.258050
0 0.035495 0.153003 0.070990 0.295629
