0 0.341477 0.262077 0.303552 0.198068
0 0.200807 0.434783 0.292446 0.195652
0 0.669091 0.635870 0.292446 0.199275
0 0.432173 0.087560 0.344272 0.175120
0 0.837526 0.105072 0.281341 0.183575
0 0.799582 0.301932 0.309105 0.217391
0 0.638551 0.163043 0.305403 0.190821
0 0.516390 0.397947 0.297999 0.196860
0 0.841228 0.483696 0.281341 0.175121
0 0.311863 0.700121 0.270235 0.177536
0 0.101329 0.653623 0.202658 0.149758
0 0.548781 0.784662 0.296148 0.170290
0 0.148981 0.846860 0.270235 0.190821
0 0.618191 0.919807 0.294297 0.160386
