0 0.326328 0.317029 0.318841 0.369565
0 0.106401 0.524457 0.212802 0.313406
0 0.403019 0.666667 0.288647 0.322464
0 0.883575 0.524457 0.232850 0.240942
0 0.798551 0.810688 0.239130 0.298913
0 0.579348 0.889493 0.216184 0.206522
0 0.143841 0.158514 0.287681 0.317028
0 0.420531 0.105072 0.306763 0.210144
0 0.614372 0.174819 0.307971 0.349638
0 0.875725 0.127717 0.248550 0.255434
0 0.575121 0.421196 0.265700 0.244565
0 0.333575 0.530797 0.229469 0.264493
0 0.165097 0.672101 0.237923 0.195652
0 0.655054 0.599220 0.275920 0.320513
0 0.294324 0.819746 0.228261 0.215580
0 0.097947 0.861413 0.195894 0.266304
0 0.544324 0.817935 0.221014 0.182971
