0 0.152633 0.843297 0.212428 0.255435
0 0.346352 0.909420 0.220876 0.181159
0 0.442910 0.672101 0.189495 0.286232
0 0.599817 0.817935 0.182253 0.244565
1 0.594385 0.544384 0.181046 0.277174
1 0.047349 0.685688 0.094698 0.266304
1 0.106164 0.221014 0.167769 0.210145
0 0.884663 0.526268 0.211221 0.320652
0 0.741636 0.653986 0.176218 0.278986
0 0.737412 0.895833 0.172597 0.201087
0 0.873197 0.899457 0.125525 0.201086
0 0.680684 0.139493 0.177425 0.271739
0 0.737412 0.355072 0.179839 0.257246
0 0.444721 0.119565 0.178632 0.239130
0 0.550934 0.282609 0.181046 0.275362
0 0.278158 0.212862 0.190702 0.280797
0 0.418771 0.391304 0.172597 0.268116
0 0.147201 0.420290 0.191909 0.260870
0 0.255226 0.631341 0.178632 0.273551