1 0.772641 0.594332 0.304971 0.200569
1 0.897490 0.216744 0.205020 0.260093
0 0.135483 0.103261 0.270966 0.199275
0 0.419632 0.101449 0.293704 0.193237
0 0.761380 0.084541 0.375289 0.169082
0 0.530224 0.212560 0.398858 0.277778
0 0.234485 0.275476 0.287245 0.189085
0 0.210689 0.441916 0.338236 0.236639
0 0.197092 0.627038 0.328038 0.192482
0 0.090012 0.815557 0.171667 0.245697
0 0.330517 0.836504 0.326338 0.224185
0 0.757985 0.398551 0.341635 0.235507
0 0.490286 0.521399 0.305942 0.234375
0 0.498785 0.695652 0.322939 0.172101
0 0.934657 0.484488 0.130686 0.232111
0 0.917660 0.738111 0.164679 0.247962
0 0.716068 0.866043 0.367130 0.252617