1 0.557386 0.405797 0.311789 0.193237
1 0.228376 0.893961 0.237467 0.171498
1 0.677026 0.952415 0.250156 0.095169
0 0.086544 0.115942 0.173088 0.157005
0 0.217500 0.109300 0.262845 0.163043
0 0.530195 0.111111 0.293662 0.173913
0 0.139553 0.315217 0.266471 0.176329
0 0.367956 0.265700 0.212089 0.161836
0 0.658899 0.253019 0.275535 0.167874
0 0.885644 0.252415 0.228712 0.147343
0 0.807543 0.400966 0.282785 0.173913
0 0.293635 0.448068 0.262845 0.171498
0 0.120080 0.556763 0.240159 0.171498
0 0.396960 0.581522 0.262845 0.175121
0 0.664337 0.567029 0.286411 0.199275
0 0.911929 0.650966 0.176142 0.217391
0 0.234721 0.715821 0.242905 0.177536
0 0.432308 0.852899 0.275535 0.171498
0 0.646210 0.753261 0.268284 0.192029
0 0.846670 0.856522 0.306659 0.207729
0 0.078387 0.925845 0.156774 0.148309