1 0.224304 0.439312 0.358154 0.208333
1 0.329807 0.265399 0.319285 0.193841
1 0.435310 0.090580 0.285968 0.181159
1 0.675468 0.622283 0.333167 0.193841
3 0.160448 0.844203 0.258204 0.188406
0 0.619940 0.921196 0.316508 0.157608
0 0.576906 0.784420 0.308179 0.192029
0 0.320090 0.702899 0.260981 0.170290
0 0.114235 0.654891 0.228469 0.143116
0 0.386723 0.554348 0.272086 0.163043
0 0.539425 0.413949 0.322061 0.182971
0 0.637987 0.154891 0.313732 0.182971
0 0.796241 0.284420 0.330390 0.213768
0 0.840663 0.472826 0.291521 0.206522