0 0.408313 0.440016 0.128824 0.146269
0 0.567331 0.446055 0.094605 0.134192
0 0.738325 0.314144 0.083535 0.116747
0 0.810537 0.377885 0.122283 0.155663
0 0.737470 0.694646 0.108192 0.161702
0 0.632146 0.748859 0.097625 0.146940
0 0.349487 0.238258 0.116244 0.146940
0 0.204811 0.260064 0.119767 0.130166
0 0.233243 0.322128 0.094102 0.132179
0 0.171850 0.377483 0.090076 0.118089
0 0.082277 0.441559 0.099134 0.122786
0 0.138637 0.479133 0.103160 0.133521
0 0.235256 0.466385 0.103160 0.140231
0 0.330950 0.511346 0.108696 0.115370
0 0.410684 0.596205 0.107981 0.124905
0 0.226974 0.593059 0.100114 0.102975
0 0.077160 0.618802 0.117992 0.120137
0 0.167978 0.680778 0.100830 0.099161
0 0.239488 0.802822 0.103690 0.127765
0 0.141780 0.755707 0.121603 0.122283
0 0.324321 0.731159 0.101902 0.137681
0 0.320584 0.632880 0.091712 0.124094
0 0.329416 0.357518 0.088995 0.115036
0 0.659689 0.331861 0.086192 0.118886
0 0.645253 0.524570 0.105724 0.146060
0 0.589631 0.636379 0.093835 0.123981
0 0.749490 0.528816 0.116338 0.183990
0 0.853601 0.489130 0.096807 0.122283
0 0.923446 0.582541 0.095533 0.110960
0 0.868461 0.638587 0.086617 0.121150
0 0.752335 0.788327 0.119310 0.112659
0 0.237713 0.693604 0.083885 0.096093
