0 0.891156 0.635234 0.147406 0.266276
0 0.908255 0.243159 0.150943 0.295629
0 0.759670 0.080171 0.150943 0.160341
0 0.591627 0.132036 0.152123 0.262082
0 0.722524 0.362669 0.159198 0.274662
0 0.552123 0.415085 0.150943 0.266276
0 0.720165 0.649911 0.173349 0.299822
0 0.422406 0.663539 0.165094 0.322885
0 0.160613 0.771517 0.150943 0.245309
0 0.036203 0.841755 0.069575 0.314499
0 0.286792 0.888379 0.139151 0.223241
0 0.438915 0.908848 0.160377 0.180313
0 0.573349 0.823934 0.155660 0.220149
0 0.796816 0.908848 0.163915 0.180313
