1 0.508692 0.811594 0.197990 0.304348
1 0.159191 0.114130 0.218514 0.228260
1 0.379516 0.110507 0.222135 0.221014
1 0.601651 0.113225 0.217306 0.226449
1 0.474285 0.303442 0.191954 0.291667
1 0.269655 0.363225 0.202819 0.331522
1 0.089555 0.336957 0.179110 0.289855
1 0.167038 0.607790 0.195576 0.277174
1 0.398228 0.582428 0.191954 0.280797
1 0.294404 0.802536 0.187125 0.286232
1 0.115730 0.880435 0.218514 0.239130
1 0.042472 0.687500 0.084944 0.295290
1 0.831634 0.120471 0.204027 0.240942
1 0.696421 0.320652 0.182296 0.289855
1 0.607084 0.565217 0.182296 0.293478
1 0.708493 0.815217 0.175052 0.239130
1 0.823183 0.539855 0.194368 0.304348
1 0.925173 0.304348 0.149654 0.268116
1 0.953544 0.552536 0.092912 0.246377
1 0.887168 0.783514 0.194368 0.233696
