1 0.635962 0.603920 0.220409 0.131752
1 0.608000 0.475873 0.186416 0.137516
1 0.549882 0.280303 0.173257 0.141634
1 0.186261 0.244895 0.157905 0.120224
3 0.219268 0.588603 0.229182 0.135046
3 0.117068 0.386446 0.178740 0.121047
3 0.894093 0.508729 0.201987 0.136693
3 0.885978 0.292984 0.148036 0.102108
3 0.910103 0.395916 0.137070 0.098814
3 0.865144 0.218050 0.154615 0.092227
3 0.706690 0.156291 0.173257 0.120224
3 0.417526 0.568347 0.202864 0.151515
3 0.593196 0.374588 0.163388 0.091403
3 0.616772 0.106225 0.135974 0.103755
1 0.865692 0.138752 0.162291 0.099638
1 0.447901 0.217391 0.164485 0.120224
1 0.438032 0.447546 0.184223 0.122694
1 0.390880 0.347085 0.195188 0.119401
1 0.286706 0.303854 0.164485 0.113636
1 0.475315 0.113636 0.179836 0.135046
1 0.356338 0.079463 0.145843 0.106225
