1 0.593666 0.486413 0.147242 0.201087
1 0.777410 0.653986 0.138581 0.206522
1 0.897431 0.396739 0.136106 0.192029
1 0.837420 0.093297 0.134869 0.186594
1 0.631404 0.207428 0.143530 0.208333
1 0.501485 0.049819 0.146005 0.099638
1 0.176067 0.104167 0.143530 0.208333
1 0.411778 0.253623 0.147242 0.217391
1 0.267011 0.356884 0.144768 0.206522
1 0.113582 0.586957 0.139818 0.188406
1 0.052769 0.314312 0.105538 0.208333
1 0.287427 0.691123 0.138581 0.201087
1 0.420440 0.861413 0.134869 0.182971
1 0.105539 0.860507 0.141056 0.192029
1 0.246595 0.938406 0.131157 0.123188
1 0.767511 0.901268 0.143530 0.190217
1 0.950571 0.782609 0.098857 0.202899
