1 0.512923 0.444746 0.184783 0.273551
1 0.290097 0.532609 0.198068 0.289855
1 0.264130 0.778080 0.194444 0.288043
1 0.480918 0.707428 0.171498 0.284420
1 0.666908 0.702899 0.188406 0.260870
1 0.720048 0.336957 0.195652 0.282609
1 0.451932 0.124094 0.193237 0.240942
1 0.099275 0.123188 0.185990 0.239130
1 0.197705 0.469203 0.182367 0.250000
1 0.098671 0.827899 0.155797 0.224638
1 0.632488 0.895833 0.211353 0.197464
1 0.928261 0.789855 0.143478 0.293478
1 0.851691 0.496377 0.171498 0.282609
1 0.925242 0.283514 0.149516 0.208333
1 0.396981 0.328804 0.206522 0.237319
1 0.685628 0.133152 0.177536 0.262681
