1 0.136193 0.640916 0.090164 0.146222
1 0.232659 0.698499 0.102767 0.111284
1 0.158007 0.539337 0.108584 0.082816
1 0.221025 0.488872 0.056231 0.087992
1 0.396020 0.658385 0.095981 0.113872
1 0.480367 0.625388 0.130883 0.094462
1 0.489092 0.534161 0.099859 0.082816
1 0.488607 0.912526 0.083377 0.173395
1 0.612703 0.269151 0.063987 0.103520
1 0.778973 0.366848 0.068835 0.084110
1 0.677175 0.661232 0.086286 0.090580
1 0.620459 0.574534 0.145425 0.186335
1 0.034407 0.922619 0.068813 0.154762
1 0.598646 0.151398 0.066896 0.090580
