1 0.608895 0.423007 0.188332 0.317029
1 0.527405 0.692029 0.196783 0.278986
1 0.397021 0.890399 0.213685 0.219202
1 0.631833 0.877717 0.219721 0.244565
1 0.837670 0.888587 0.211270 0.222826
1 0.729620 0.651268 0.197990 0.320652
1 0.923362 0.648551 0.153276 0.297101
1 0.840084 0.396739 0.179881 0.282609
1 0.706682 0.173913 0.178674 0.246377
1 0.886564 0.123188 0.202819 0.239130
1 0.961994 0.317029 0.076011 0.268116
1 0.494205 0.170290 0.214892 0.278986
1 0.294404 0.196558 0.196783 0.259058
1 0.117541 0.204710 0.185918 0.250000
1 0.176696 0.460145 0.197990 0.260870
1 0.404264 0.440217 0.211270 0.286232
1 0.319756 0.678442 0.175052 0.255435
1 0.165831 0.883152 0.205234 0.222826
1 0.075672 0.692029 0.151344 0.253623
1 0.040276 0.439312 0.079679 0.259058
