1 0.403903 0.845109 0.100440 0.092391
1 0.391009 0.745471 0.080081 0.081522
1 0.226096 0.641304 0.070580 0.065217
1 0.079508 0.531703 0.078724 0.081522
1 0.148052 0.559783 0.061079 0.072464
1 0.213881 0.559783 0.078724 0.076087
1 0.826024 0.471014 0.146589 0.173913
1 0.845705 0.281703 0.218526 0.190217
1 0.515202 0.076087 0.103155 0.152174
1 0.139229 0.093297 0.092297 0.186594
1 0.185377 0.267210 0.059721 0.074275
1 0.361148 0.358696 0.180521 0.152174
1 0.362505 0.538949 0.166948 0.204710
1 0.501629 0.421196 0.143874 0.201087
1 0.629894 0.330616 0.164234 0.132246
