1 0.367528 0.396358 0.228547 0.134439
1 0.388478 0.521739 0.186647 0.144928
1 0.441805 0.715294 0.191725 0.127765
1 0.812559 0.762490 0.158713 0.115370
1 0.562773 0.557971 0.199026 0.115942
1 0.616882 0.657444 0.176547 0.115283
1 0.712283 0.696146 0.167774 0.120224
1 0.553281 0.792490 0.161195 0.125165
1 0.136477 0.861413 0.146940 0.109519
1 0.221461 0.607955 0.209444 0.132576
1 0.096939 0.494767 0.193878 0.140902
1 0.591261 0.436896 0.218460 0.137882
1 0.777555 0.417774 0.213099 0.137882
1 0.877403 0.615741 0.192995 0.124799
1 0.399606 0.626308 0.164850 0.095612
1 0.094030 0.610910 0.135365 0.102657
1 0.109443 0.710548 0.142066 0.112721
1 0.260221 0.702496 0.194335 0.096618
1 0.140269 0.777476 0.187634 0.067432
1 0.285685 0.850443 0.162170 0.098631
1 0.334604 0.806663 0.163510 0.109702
1 0.394245 0.903281 0.127323 0.101651
1 0.524971 0.893116 0.177759 0.134439
1 0.650672 0.926011 0.142207 0.104882
1 0.748439 0.527460 0.167601 0.125858
