1 0.453925 0.476449 0.217745 0.307971
1 0.324601 0.311594 0.218948 0.300725
1 0.650016 0.373188 0.210527 0.340580
1 0.865956 0.273551 0.211730 0.322464
1 0.628361 0.115942 0.200903 0.231884
1 0.426857 0.086957 0.194888 0.166667
1 0.194074 0.076087 0.224963 0.152174
1 0.094932 0.256341 0.189864 0.320652
1 0.586857 0.735507 0.214136 0.326087
1 0.311368 0.688406 0.202106 0.329710
1 0.096135 0.564312 0.192270 0.306159
1 0.073278 0.851449 0.146555 0.282609
1 0.247007 0.920290 0.200903 0.155797
1 0.589865 0.947464 0.208121 0.097826
1 0.778136 0.853261 0.180452 0.253623
1 0.819039 0.576993 0.194888 0.302536
1 0.910121 0.792572 0.179758 0.342391
