1 0.371565 0.793478 0.141056 0.195652
1 0.496535 0.949275 0.146005 0.101449
1 0.584386 0.747283 0.136106 0.222826
1 0.735959 0.633152 0.144768 0.219203
1 0.828759 0.891304 0.147242 0.217391
1 0.950571 0.678442 0.098857 0.208333
1 0.890625 0.418478 0.152192 0.192029
1 0.720492 0.310688 0.143530 0.193841
1 0.901761 0.122283 0.142293 0.201087
1 0.753282 0.058877 0.124970 0.117754
1 0.403736 0.509964 0.148480 0.193841
1 0.575725 0.137681 0.148480 0.213768
1 0.232984 0.091486 0.148480 0.182971
1 0.226179 0.354167 0.137344 0.204710
1 0.047201 0.216486 0.094402 0.204710
1 0.099352 0.599638 0.155904 0.192029
1 0.166787 0.904891 0.134869 0.182971
