1 0.548963 0.536232 0.212933 0.304348
1 0.422045 0.260870 0.228572 0.344203
1 0.091924 0.215580 0.183848 0.336957
1 0.132119 0.723732 0.206918 0.317029
1 0.355278 0.648551 0.210527 0.355072
1 0.182044 0.435688 0.200903 0.302536
1 0.683098 0.698370 0.211730 0.266304
1 0.904106 0.754529 0.191788 0.284420
1 0.907113 0.445652 0.185773 0.297101
1 0.699339 0.327899 0.205715 0.315217
1 0.770918 0.074275 0.233384 0.148550
1 0.400992 0.064312 0.203309 0.128623
1 0.371518 0.898551 0.228572 0.188406
1 0.577233 0.919384 0.202106 0.157609
1 0.919143 0.344203 0.161713 0.688406
