1 0.556275 0.492754 0.399637 0.264493
1 0.171432 0.078804 0.342864 0.157608
1 0.491029 0.081522 0.323516 0.163043
1 0.761531 0.043478 0.282737 0.086956
1 0.897077 0.125000 0.205845 0.188406
1 0.704440 0.188406 0.293611 0.173913
1 0.424422 0.221014 0.304485 0.166667
1 0.141686 0.235507 0.282737 0.181159
1 0.151042 0.506341 0.302084 0.201087
1 0.325193 0.358696 0.290892 0.177536
1 0.641912 0.326087 0.331672 0.159420
1 0.897077 0.298913 0.205845 0.170290
1 0.876688 0.482790 0.246624 0.168478
1 0.140168 0.690217 0.280335 0.202899
1 0.421704 0.668478 0.309923 0.170290
1 0.694925 0.718297 0.285455 0.201087
1 0.895718 0.625906 0.208564 0.179348
1 0.336067 0.862319 0.421386 0.246377
1 0.732986 0.902174 0.383325 0.195652
