2 0.111655 0.906703 0.223310 0.186594
2 0.365783 0.903080 0.271630 0.193840
2 0.654723 0.908514 0.276957 0.182971
2 0.899264 0.894928 0.201472 0.210144
2 0.243948 0.744565 0.275625 0.228261
2 0.507590 0.737319 0.251658 0.210145
2 0.772562 0.744565 0.246332 0.195652
2 0.118978 0.573370 0.237956 0.186594
2 0.369111 0.564312 0.241005 0.161232
2 0.877959 0.558877 0.244082 0.182971
2 0.624764 0.561594 0.264973 0.181159
2 0.063720 0.399457 0.127440 0.157609
2 0.243948 0.394928 0.238342 0.163043
2 0.485620 0.401268 0.242337 0.179348
2 0.737277 0.389493 0.255652 0.177536
2 0.937878 0.394928 0.124244 0.148551
2 0.848459 0.266304 0.241005 0.166667
2 0.606122 0.274457 0.214375 0.121377
2 0.369777 0.276268 0.207717 0.106884
2 0.136761 0.273551 0.229022 0.126812
2 0.079698 0.155797 0.159396 0.152174
2 0.262590 0.153080 0.209049 0.128623
2 0.490946 0.144022 0.242337 0.157609
2 0.713310 0.147645 0.202391 0.128623
2 0.912579 0.153986 0.174842 0.155797
2 0.608785 0.057971 0.185082 0.115942
2 0.805851 0.038949 0.190408 0.077898
2 0.392413 0.045290 0.199728 0.090580
2 0.190022 0.050725 0.191739 0.101449
