2 0.401630 0.435688 0.324275 0.313406
2 0.154348 0.247283 0.282609 0.262681
2 0.147101 0.519022 0.264493 0.288043
2 0.536594 0.655797 0.289855 0.297101
2 0.888768 0.396739 0.222464 0.271739
2 0.821014 0.701087 0.275362 0.271739
2 0.722283 0.304348 0.269928 0.202899
2 0.478623 0.222826 0.260870 0.192029
2 0.721377 0.115942 0.253623 0.202899
2 0.687862 0.491848 0.248188 0.182971
2 0.094384 0.864130 0.188768 0.271739
2 0.313768 0.894928 0.242754 0.210144
2 0.547464 0.894928 0.271739 0.210144
2 0.878804 0.920290 0.242391 0.159420
