1 0.368446 0.438406 0.245000 0.217391
3 0.100337 0.105072 0.200674 0.210144
3 0.341815 0.093297 0.284946 0.186594
3 0.632753 0.097826 0.286277 0.195652
3 0.893272 0.076087 0.213456 0.152174
3 0.226639 0.253623 0.251658 0.202899
3 0.493609 0.252717 0.263641 0.201087
3 0.766571 0.255435 0.266304 0.235507
3 0.878418 0.418478 0.223696 0.192029
3 0.630755 0.426630 0.239674 0.172101
3 0.124970 0.439312 0.249940 0.197464
3 0.067049 0.572464 0.134098 0.188406
3 0.265253 0.600543 0.256984 0.186594
3 0.515579 0.596014 0.233016 0.228261
3 0.749927 0.590580 0.225027 0.210145
3 0.932552 0.572464 0.134896 0.188406
3 0.153405 0.721920 0.243668 0.182971
3 0.399071 0.718297 0.202391 0.143116
3 0.632753 0.725543 0.201060 0.110507
3 0.854451 0.721920 0.215707 0.135870
3 0.084359 0.844203 0.168717 0.152174
3 0.288554 0.829710 0.207717 0.177536
3 0.507590 0.843297 0.238342 0.182971
3 0.733283 0.834239 0.213043 0.146739
3 0.924562 0.822464 0.150875 0.166667
3 0.190022 0.938406 0.191739 0.123188
3 0.395742 0.947464 0.187745 0.105072
3 0.605456 0.942935 0.194402 0.114130
3 0.811177 0.941123 0.198397 0.114130
