1 0.272180 0.099638 0.369732 0.199275
1 0.659583 0.126812 0.405074 0.253623
1 0.578024 0.324275 0.258269 0.177536
1 0.311600 0.280797 0.285455 0.217391
1 0.106185 0.374094 0.212370 0.197464
1 0.130653 0.528080 0.261305 0.190217
1 0.102107 0.706522 0.204214 0.166667
1 0.374128 0.671196 0.318079 0.168478
1 0.670457 0.641304 0.269143 0.166667
1 0.860376 0.307971 0.279248 0.210145
1 0.839986 0.491848 0.320027 0.190217
1 0.565791 0.787138 0.288174 0.168478
1 0.108904 0.873188 0.217807 0.170290
1 0.315677 0.816123 0.277299 0.182971
1 0.859017 0.757246 0.281966 0.210145
1 0.830471 0.916667 0.339058 0.166666
1 0.511418 0.921196 0.304485 0.150362
1 0.446171 0.509058 0.402356 0.257246
