1 0.419746 0.602355 0.335145 0.317029
1 0.394384 0.118659 0.280797 0.237318
1 0.705072 0.182065 0.275362 0.302536
1 0.648007 0.454710 0.302536 0.278986
1 0.891485 0.459239 0.217029 0.302536
1 0.513949 0.851449 0.288043 0.253623
1 0.125362 0.274457 0.224638 0.259058
1 0.309239 0.282609 0.237319 0.242754
1 0.242210 0.838768 0.255435 0.293478
1 0.870652 0.902174 0.258696 0.195652
1 0.921377 0.130435 0.157246 0.260870
1 0.218659 0.523551 0.226449 0.278986
1 0.895109 0.684783 0.209782 0.235507
1 0.488587 0.311594 0.204710 0.246377
